466920 2015110700 1000.00    23.60    21.20   244.00    1.80   15.88
466920 2015110700  980.00    22.63    20.93   245.82    2.07   15.94
466920 2015110700  960.00    21.65    20.65   247.65    2.35   16.00
466920 2015110700  940.00    20.68    20.38   249.47    2.62   16.06
466920 2015110700  920.00    19.94    19.35   259.93    2.79   15.39
466920 2015110700  900.00    18.89    18.36   251.64    3.57   14.78
466920 2015110700  880.00    18.26    17.19   248.23    2.57   14.03
466920 2015110700  860.00    18.16    15.16   250.42    1.26   12.63
466920 2015110700  840.00    17.96    11.59   253.16    1.80   10.32
466920 2015110700  820.00    17.73     6.77   237.10    0.84    7.65
466920 2015110700  800.00    17.22     1.05   125.95    0.47    5.22
466920 2015110700  780.00    15.64     2.57   107.25    0.41    6.02
466920 2015110700  760.00    14.06     4.08    88.54    0.34    6.83
466920 2015110700  740.00    12.87     1.18   112.58    0.63    5.66
466920 2015110700  720.00    11.29     3.78   113.88    0.50    7.01
466920 2015110700  700.00     9.70     3.70   248.00    0.70    7.13
466920 2015110700  680.00     8.63    -1.17   244.83    2.40    5.52
466920 2015110700  660.00     7.56    -6.04   241.66    4.11    3.92
466920 2015110700  640.00     5.83    -2.63   238.67    5.25    5.01
466920 2015110700  620.00     4.18    -9.07   244.70    5.37    3.11
466920 2015110700  600.00     2.16    -8.86   248.81    5.16    3.27
466920 2015110700  580.00     0.25    -8.86   249.28    5.39    3.38
466920 2015110700  560.00    -1.36    -9.08   238.32    6.90    3.44
466920 2015110700  540.00    -3.32   -13.56   256.30    7.20    2.64
466920 2015110700  520.00    -5.30   -17.52   271.00    7.75    1.86
466920 2015110700  500.00    -7.30   -16.60   266.00    7.50    2.09
466920 2015110700  480.00    -9.62   -17.30   252.50    7.40    2.05
466920 2015110700  460.00   -12.39   -16.97   264.32    9.04    2.21
466920 2015110700  440.00   -15.14   -16.83   277.33   10.91    2.33
466920 2015110700  420.00   -16.23   -20.09   293.53   16.67    1.85
466920 2015110700  400.00   -17.50   -38.20   300.00   14.30    0.35
466920 2015110700  380.00   -19.55   -41.22   287.87   16.78    0.29
466920 2015110700  360.00   -22.65   -44.66   286.93   17.03    0.21
466920 2015110700  340.00   -25.85   -47.09   285.76   17.18    0.17
466920 2015110700  320.00   -29.04   -49.53   284.60   17.32    0.14
466920 2015110700  300.00   -32.30   -51.60   290.00   20.30    0.11
466920 2015110700  280.00   -35.90   -55.24   293.20   21.86    0.08
466920 2015110700  260.00   -39.50   -58.88   296.40   23.42    0.06
466920 2015110700  240.00   -43.28   -61.93   293.53   24.04    0.04
466920 2015110700  220.00   -48.60   -63.98   298.31   24.42    0.03
466920 2015110700  200.00   -53.80   -65.90   303.00   24.80    0.03
466920 2015110700  180.00   -58.59   -70.10   302.00   25.05    0.02
466920 2015110700  160.00   -63.43   -74.97   299.53   22.32    0.01
466920 2015110700  140.00   -68.32   -81.34   291.27   18.64    0.00
466920 2015110700  120.00   -72.30   -83.46   288.87   17.71    0.00
466920 2015110700  100.00   -77.30   -85.00   280.00   10.30    0.00
